[4.57214, -3.86877, 32.9304]
[10.4593, -6.66964, 28.9796]
[-4.70377, 0.465252, 32.3279]
[0.675624, 0.485524, 27.4012]
[-1.10983, -7.07704, 34.1929]
[5.43696, -7.24536, 30.4351]
[0.244788, -7.15269, 33.3516]
[7.50061, -7.87609, 29.4394]
[17.2881, 4.0591, 28.0984]
[-4.30498, -3.06797, 33.2193]
[-9.39109, -0.0604448, 24.4371]
[10.7609, -0.564543, 20.764]
[-4.43902, -2.25204, 33.1957]
[2.69109, 4.63642, 24.4882]
[16.9034, -4.3845, 32.7026]
[-1.06808, -6.90185, 33.3879]
[-4.92897, -7.15378, 29.5174]
[7.47413, -7.74507, 29.1267]
[4.48983, -3.89298, 32.8001]
[-0.500452, -7.04665, 34.0823]
[17.0285, 4.11517, 27.7127]
[7.49875, -7.77271, 29.2377]
[5.35819, -7.29264, 30.7442]
[-0.511546, -6.99969, 33.9016]
[-4.45798, -1.94988, 31.3492]
[-8.88523, -0.822698, 24.6947]
[17.2801, 4.35095, 27.747]
[17.0526, 4.20754, 27.7144]
[8.25258, -7.84723, 29.2411]
[-8.81786, -0.762235, 24.2063]
[-4.88594, -7.10602, 29.2685]
[-8.9013, -0.71877, 24.4351]